5
245
149 149 149 149 149 149 149 149 149 149 149 149 149 149 149 149 150 150 150 150 150 151 151 151 152 152 153 153 154 154 155 156 156 157 158 158 159 159 160 160 161 161 162 163 164 165 165 166 167 168 169 170 171 172 173 174 175 176 177 178 179 180 181 182 183 184 185 186 187 188 189 190 191 192 193 194 195 196 197 198 199 200 201 202 203 204 205 206 207 208 209 210 211 212 213 214 215 216 217 218 219 220 221 222 222 223 224 224 225 225 226 226 227 227 228 228 228 229 229 229 230 230 230 230 230 231 231 231 231 231 231 231 231 231 231 231 230 230 230 230 230 229 229 229 228 228 228 227 227 226 226 225 224 224 223 222 221 220 219 218 217 216 215 214 213 212 211 210 209 208 207 206 205 204 203 202 201 200 199 198 197 196 195 194 193 192 191 190 189 188 187 186 185 184 183 182 181 180 179 178 177 176 175 174 173 172 171 170 169 168 167 166 165 164 163 162 161 160 160 159 158 157 156 156 155 154 154 153 153 152 152 151 151 151 151 150 150 150 150 217 218 219 220 221 222 
317 318 319 320 321 322 323 324 325 326 327 328 329 330 331 332 333 334 335 336 337 338 339 340 341 342 343 344 345 346 347 348 349 350 351 352 352 353 353 354 354 355 355 356 357 357 358 358 359 360 360 361 361 362 362 362 363 363 363 364 364 364 364 365 365 365 365 365 365 365 365 365 365 365 365 365 364 364 364 364 363 363 363 362 362 361 361 361 360 360 359 358 358 357 356 356 355 354 353 352 351 350 349 348 347 346 345 344 343 342 341 340 339 338 337 336 335 334 333 332 331 330 329 328 327 326 325 324 323 322 321 320 319 318 317 316 315 314 313 312 311 310 309 308 307 306 305 304 303 302 301 300 299 298 297 296 295 294 293 292 291 290 289 288 288 287 286 286 285 285 284 284 284 283 283 283 283 282 282 282 282 282 282 282 282 282 282 282 282 282 282 282 282 282 282 282 283 283 283 283 284 284 284 285 285 286 286 287 288 288 289 290 291 292 292 293 294 295 296 297 298 299 300 301 302 303 304 305 306 307 308 309 310 311 312 313 314 315 316 290 291 292 293 294 295 

238
157 157 157 157 157 157 157 158 158 158 158 158 158 158 159 159 159 160 160 161 161 161 162 163 163 164 165 165 166 166 167 167 168 168 169 169 170 170 171 171 172 173 174 175 176 177 178 179 180 181 182 183 184 185 186 187 188 189 190 191 192 193 194 195 196 197 198 199 200 201 202 203 204 205 206 207 208 209 210 211 212 213 214 215 216 217 218 219 220 221 222 223 224 225 226 227 228 228 229 230 230 231 232 232 233 233 234 234 234 235 235 236 236 236 236 237 237 237 237 237 237 237 237 237 237 237 237 237 237 237 237 237 236 236 236 235 235 234 234 234 233 233 232 231 231 230 229 228 227 226 225 224 223 222 221 220 219 218 217 216 215 214 213 212 211 210 209 208 207 206 205 204 203 202 201 200 199 198 197 196 195 194 193 192 191 190 189 188 187 186 185 184 183 182 181 180 179 178 177 176 175 174 173 172 171 170 169 168 167 166 165 164 164 163 163 162 161 161 161 160 160 159 159 159 159 158 158 158 158 158 158 158 225 226 227 228 229 232 
423 424 425 426 427 428 429 430 431 432 433 434 435 436 437 438 439 440 441 442 443 444 445 446 447 448 449 450 450 451 451 452 452 453 453 454 454 455 455 456 456 457 457 458 459 459 460 460 460 461 461 462 462 462 463 463 463 463 463 463 463 464 464 464 463 463 463 463 463 463 463 462 462 462 462 461 461 460 460 460 459 459 458 458 457 456 456 455 454 454 453 452 451 450 449 448 447 446 445 444 443 442 441 440 439 438 437 436 435 434 433 432 431 430 429 428 427 426 425 424 423 422 421 420 419 418 417 416 415 414 413 412 411 410 409 408 407 406 405 404 403 402 401 400 399 398 397 396 395 394 393 392 391 390 390 389 388 388 387 386 386 386 385 385 385 384 384 384 384 384 384 384 383 383 383 383 383 383 383 384 384 384 384 384 384 384 385 385 385 385 386 386 387 387 387 388 388 389 390 391 391 392 393 394 395 396 397 398 399 400 401 402 403 404 405 406 407 408 409 410 411 412 413 414 415 416 417 418 419 420 421 422 392 393 394 395 396 400 

219
176 176 176 176 176 176 176 176 176 176 176 176 176 176 176 176 176 177 177 177 178 178 178 179 180 180 181 182 182 183 183 184 185 186 187 187 188 188 189 190 191 192 193 194 195 196 197 198 199 200 201 202 203 204 205 206 207 208 209 210 211 212 213 214 215 216 217 218 219 220 221 222 223 224 225 226 227 228 229 230 231 232 233 234 235 236 237 238 239 240 241 241 242 243 244 244 245 246 246 247 247 247 248 248 249 249 250 250 250 250 251 251 251 251 251 251 251 252 251 251 251 251 251 251 251 250 250 250 249 249 249 248 248 247 246 246 245 244 243 242 241 240 239 238 237 236 235 234 233 232 231 230 229 228 227 226 225 224 223 222 221 220 219 218 217 216 215 214 213 212 211 210 209 208 207 206 205 204 203 202 201 200 199 198 197 196 195 194 193 192 191 190 189 188 187 186 185 184 184 183 182 181 181 180 180 179 179 178 178 178 177 177 177 177 241 242 243 244 247 
637 638 639 640 641 642 643 644 645 646 647 648 649 650 651 652 653 654 655 656 657 658 659 660 661 662 663 664 665 665 666 667 668 669 669 670 670 671 671 672 672 673 673 674 674 675 675 675 676 676 676 676 676 677 677 677 677 677 677 677 677 677 677 676 676 676 676 676 675 675 675 674 674 673 673 672 672 671 671 670 670 669 669 668 667 666 666 665 664 663 662 661 660 659 658 657 656 655 654 653 652 651 650 649 648 647 646 645 644 643 642 641 640 639 638 637 636 635 634 633 632 631 630 629 628 627 626 625 624 623 622 621 620 619 618 617 616 615 614 613 612 611 610 609 609 608 607 607 606 606 606 605 605 605 605 604 604 604 604 604 604 604 604 604 604 604 604 604 604 604 604 604 605 605 605 605 606 606 606 607 607 608 608 609 609 610 610 611 612 613 614 614 615 616 617 618 619 620 621 622 623 624 625 626 627 628 629 630 631 632 633 634 635 636 611 612 613 614 618 

219
467 467 467 467 467 467 467 467 467 467 467 467 467 467 467 468 468 468 468 469 469 469 470 470 470 471 471 472 473 473 474 475 475 476 476 477 477 478 478 479 480 481 482 483 484 485 486 487 488 489 490 491 492 493 494 495 496 497 498 499 500 501 502 503 504 505 506 507 508 509 510 511 512 513 514 515 516 517 518 519 520 521 522 523 524 525 526 527 527 528 529 529 530 531 531 532 532 533 533 534 534 534 535 535 536 536 536 536 537 537 537 537 537 537 537 537 538 538 537 537 537 537 537 537 537 536 536 536 536 535 535 535 534 534 533 533 532 531 531 530 529 528 527 526 525 524 523 522 521 520 519 518 517 516 515 514 513 512 511 510 509 508 507 506 505 504 503 502 501 500 499 498 497 496 495 494 493 492 491 490 489 488 487 486 485 484 483 482 481 480 479 478 477 476 475 475 474 473 473 472 472 471 471 470 470 469 469 469 469 468 468 468 468 468 526 527 528 529 530 
282 283 284 285 286 287 288 289 290 291 292 293 294 295 296 297 298 299 300 301 302 303 304 305 306 307 308 309 310 311 312 313 314 314 315 315 316 316 317 317 318 319 319 320 320 321 321 322 322 323 323 323 323 324 324 324 324 324 324 324 324 324 324 324 324 323 323 323 322 322 322 321 321 320 320 319 319 318 318 317 316 315 315 314 313 312 311 310 309 308 307 306 305 304 303 302 301 300 299 298 297 296 295 294 293 292 291 290 289 288 287 286 285 284 283 282 281 280 279 278 277 276 275 274 273 272 271 270 269 268 267 266 265 264 263 262 261 260 259 258 257 256 255 254 253 252 251 251 250 249 249 248 248 248 247 247 247 247 246 246 246 246 246 246 246 246 246 246 246 246 247 247 247 247 247 248 248 249 249 249 250 250 251 252 253 253 254 255 256 257 258 259 260 261 262 263 264 265 266 267 268 269 270 271 272 273 274 275 276 277 278 279 280 281 253 254 255 256 257 

197
471 471 471 471 471 471 471 471 471 471 471 471 471 471 471 471 471 471 471 472 472 472 473 473 474 474 475 476 476 477 477 478 478 479 479 480 480 481 482 483 484 485 486 487 488 489 490 491 492 493 494 495 496 497 498 499 500 501 502 503 504 505 506 507 508 509 510 511 512 513 514 515 516 517 518 519 520 521 522 523 524 525 526 527 528 528 529 530 530 531 531 532 532 533 533 534 534 534 535 535 535 535 536 536 536 536 536 536 536 536 536 536 536 536 536 536 535 535 535 534 534 534 533 533 532 531 531 530 529 528 527 526 525 524 523 522 521 520 519 518 517 516 515 514 513 512 511 510 509 508 507 506 505 504 503 502 501 500 499 498 497 496 495 494 493 492 491 490 489 488 487 486 485 484 483 482 481 480 479 478 478 477 476 476 475 474 474 474 473 473 472 472 472 472 528 529 532 
580 581 582 583 584 585 586 587 588 589 590 591 592 593 594 595 596 597 598 599 600 601 602 603 604 605 606 607 608 608 609 609 610 610 611 611 612 612 613 614 614 615 615 616 616 616 617 617 617 617 617 618 618 618 618 618 617 617 617 617 617 617 616 616 616 615 615 614 614 613 613 612 612 611 610 610 609 608 607 606 605 604 603 602 601 600 599 598 597 596 595 594 593 592 591 590 589 588 587 586 585 584 583 582 581 580 579 578 577 576 575 574 573 572 571 570 569 568 567 566 565 564 563 562 561 560 559 558 557 556 555 554 553 553 552 551 551 550 550 550 550 549 549 549 549 549 549 549 549 549 549 549 549 549 549 549 549 550 550 550 551 551 551 552 552 553 553 554 555 555 556 557 558 559 560 561 562 563 564 565 566 567 568 569 570 571 572 573 574 575 576 577 578 579 555 556 560 

