1 2
55 124
58 161
y=12.3333*x-554.333

1 3
55 124
65 241
y=11.7*x-519.5

1 4
73 134
186 119
y=-0.132743*x+143.69

1 5
62 133
176 225
y=0.807018*x+82.9649

2 1
87 151
85 117
y=17*x-1328

2 3
58 161
65 241
y=11.4286*x-501.857

2 4
76 170
189 118
y=-0.460177*x+204.973

2 5
63 168
176 225
y=0.504425*x+136.221

3 1
92 230
85 117
y=16.1429*x-1255.14

3 2
92 230
87 151
y=15.8*x-1223.6

3 4
87 245
195 112
y=-1.23148*x+352.139

3 5
81 248
185 227
y=-0.201923*x+264.356

4 1
182 91
66 104
y=-0.112069*x+111.397

4 2
179 92
67 142
y=-0.446429*x+171.911

4 3
173 98
68 227
y=-1.22857*x+310.543

4 5
171 110
172 218
y=108*x-18358

5 1
192 203
77 105
y=0.852174*x+39.3826

5 2
192 203
81 143
y=0.540541*x+99.2162

5 3
182 202
76 222
y=-0.188679*x+236.34

5 4
196 216
197 106
y=-110*x+21776

