15 436 167 
3359 2266 1784 
2 4 100 

15 436 217 
3359 2266 1784 
2 4 100 

15 436 167 
3359 2266 1241 
2 4 106 

15 436 217 
3359 2266 1241 
2 4 106 

15 436 217 
3359 2266 3695 
2 4 112 

15 436 217 
3359 2266 2606 
2 4 124 

15 11 167 
3359 3917 1784 
2 4 100 

15 11 217 
3359 3917 1784 
2 4 100 

15 11 167 
3359 3917 1241 
2 4 106 

15 11 217 
3359 3917 1241 
2 4 106 

15 11 217 
3359 3917 3695 
2 4 112 

15 11 217 
3359 3917 3512 
2 4 118 

15 11 217 
3359 3917 2599 
2 4 124 

15 11 217 
3359 3917 2606 
2 4 130 

15 11 182 
3359 3917 135 
2 5 175 

15 11 182 
3359 3917 1462 
2 5 187 

15 11 182 
3359 3917 1289 
2 5 187 

15 11 182 
3359 3917 3414 
2 5 196 

15 11 182 
3359 3917 2927 
2 5 202 

15 345 182 
3359 3917 218 
2 4 109 

15 345 238 
3359 3917 218 
2 4 115 

15 345 182 
3359 3917 3623 
2 4 115 

15 345 238 
3359 3917 3623 
2 4 121 

15 345 182 
3359 3917 3761 
2 4 121 

15 345 238 
3359 3917 3761 
2 4 127 

15 345 238 
3359 3917 2952 
2 4 133 

15 345 238 
3359 3917 3229 
2 4 139 

15 345 238 
3359 3917 1300 
2 4 145 

15 345 238 
3359 3917 533 
2 4 151 

15 345 238 
3359 3917 791 
2 4 172 

15 345 238 
3359 3917 1100 
2 4 178 

15 436 167 
3359 3917 1784 
2 4 97 

15 436 217 
3359 3917 1784 
2 4 97 

15 436 167 
3359 3917 1241 
2 4 103 

15 436 217 
3359 3917 1241 
2 4 103 

15 436 217 
3359 3917 3695 
2 4 109 

15 436 217 
3359 3917 2606 
2 4 121 

15 11 167 
3359 2303 1784 
2 4 100 

15 11 217 
3359 2303 1784 
2 4 100 

15 11 167 
3359 2303 1241 
2 4 106 

15 11 217 
3359 2303 1241 
2 4 106 

15 11 217 
3359 2303 3695 
2 4 112 

15 11 217 
3359 2303 3512 
2 4 118 

15 11 217 
3359 2303 2599 
2 4 124 

15 11 217 
3359 2303 2606 
2 4 130 

15 11 182 
3359 2303 135 
2 5 175 

15 11 182 
3359 2303 1462 
2 5 187 

15 11 182 
3359 2303 1289 
2 5 187 

15 11 182 
3359 2303 3414 
2 5 196 

15 11 182 
3359 2303 2927 
2 5 202 

15 345 182 
3359 2303 218 
2 4 109 

15 345 238 
3359 2303 218 
2 4 115 

15 345 182 
3359 2303 3623 
2 4 115 

15 345 238 
3359 2303 3623 
2 4 121 

15 345 182 
3359 2303 3761 
2 4 121 

15 345 238 
3359 2303 3761 
2 4 127 

15 345 238 
3359 2303 2952 
2 4 133 

15 345 238 
3359 2303 3229 
2 4 139 

15 345 238 
3359 2303 1300 
2 4 145 

15 345 238 
3359 2303 533 
2 4 151 

15 345 238 
3359 2303 791 
2 4 172 

15 345 238 
3359 2303 1100 
2 4 178 

15 436 167 
3359 2303 1784 
2 4 97 

15 436 217 
3359 2303 1784 
2 4 97 

15 436 167 
3359 2303 1241 
2 4 103 

15 436 217 
3359 2303 1241 
2 4 103 

15 436 217 
3359 2303 3695 
2 4 109 

15 436 217 
3359 2303 2606 
2 4 121 

15 201 41 
3359 1327 1790 
2 3 76 

15 201 41 
3359 1327 458 
2 3 76 

15 201 41 
3359 1327 1792 
2 3 76 

15 201 41 
3359 1327 1783 
2 3 76 

15 201 41 
3359 1327 1671 
2 3 76 

15 201 238 
3359 1327 1671 
2 3 79 

15 486 167 
3359 1327 2801 
2 4 100 

15 486 167 
3359 1327 590 
2 4 100 

15 486 217 
3359 1327 3512 
2 4 106 

15 486 217 
3359 1327 2599 
2 4 112 

15 486 217 
3359 1327 250 
2 4 124 

15 486 217 
3359 1327 301 
2 4 133 

15 11 167 
3359 616 1784 
2 4 97 

15 11 217 
3359 616 1784 
2 4 97 

15 11 167 
3359 616 1241 
2 4 103 

15 11 217 
3359 616 1241 
2 4 103 

15 11 217 
3359 616 3695 
2 4 109 

15 11 217 
3359 616 3512 
2 4 115 

15 11 217 
3359 616 2599 
2 4 121 

15 11 217 
3359 616 2606 
2 4 127 

15 11 182 
3359 616 135 
2 4 172 

15 11 182 
3359 616 1462 
2 4 184 

15 11 182 
3359 616 1289 
2 5 184 

15 11 182 
3359 616 3414 
2 5 193 

15 11 182 
3359 616 2927 
2 5 199 

15 345 182 
3359 616 218 
2 4 109 

15 345 238 
3359 616 218 
2 4 115 

15 345 182 
3359 616 3623 
2 4 115 

15 345 238 
3359 616 3623 
2 4 121 

15 345 182 
3359 616 3761 
2 4 121 

15 345 238 
3359 616 3761 
2 4 127 

15 345 238 
3359 616 2952 
2 4 133 

15 345 238 
3359 616 3229 
2 4 139 

15 345 238 
3359 616 1300 
2 4 145 

15 345 238 
3359 616 533 
2 4 151 

15 345 238 
3359 616 791 
2 4 172 

15 345 238 
3359 616 1100 
2 4 178 

15 436 167 
3359 616 1784 
2 4 94 

15 436 217 
3359 616 1784 
2 4 94 

15 436 167 
3359 616 1241 
2 4 100 

15 436 217 
3359 616 1241 
2 4 100 

15 436 217 
3359 616 3695 
2 4 106 

15 436 217 
3359 616 2606 
2 4 118 

15 486 167 
3359 616 2801 
2 3 100 

15 486 167 
3359 616 590 
2 3 100 

15 486 217 
3359 616 3512 
2 4 106 

15 486 217 
3359 616 2599 
2 4 112 

15 486 217 
3359 616 250 
2 4 124 

15 486 217 
3359 616 301 
2 4 133 

15 345 182 
3359 2833 218 
2 4 109 

15 345 238 
3359 2833 218 
2 4 115 

15 345 182 
3359 2833 3623 
2 4 115 

15 345 238 
3359 2833 3623 
2 4 121 

15 345 182 
3359 2833 3761 
2 4 121 

15 345 238 
3359 2833 3761 
2 4 127 

15 345 238 
3359 2833 2952 
2 4 133 

15 345 238 
3359 2833 3229 
2 4 139 

15 345 238 
3359 2833 1300 
2 4 145 

15 345 238 
3359 2833 533 
2 4 151 

15 345 238 
3359 2833 791 
2 4 172 

15 345 238 
3359 2833 1100 
2 4 178 

15 486 167 
3359 2833 2801 
2 3 100 

15 486 167 
3359 2833 590 
2 3 100 

15 486 217 
3359 2833 3512 
2 4 106 

15 486 217 
3359 2833 2599 
2 4 112 

15 486 217 
3359 2833 250 
2 4 124 

15 486 217 
3359 2833 301 
2 4 133 

15 7 217 
3359 2110 2262 
2 4 130 

15 7 217 
3359 2110 3057 
2 4 136 

15 7 217 
3359 2110 294 
2 4 142 

15 11 167 
3359 2110 1784 
2 3 97 

15 11 217 
3359 2110 1784 
2 3 97 

15 11 167 
3359 2110 1241 
2 4 103 

15 11 217 
3359 2110 1241 
2 4 103 

15 11 217 
3359 2110 3695 
2 4 109 

15 11 217 
3359 2110 3512 
2 4 115 

15 11 217 
3359 2110 2599 
2 4 121 

15 11 217 
3359 2110 2606 
2 4 127 

15 11 182 
3359 2110 135 
2 4 172 

15 11 182 
3359 2110 1462 
2 4 184 

15 11 182 
3359 2110 1289 
2 4 184 

15 11 182 
3359 2110 3414 
2 4 193 

15 11 182 
3359 2110 2927 
2 5 199 

15 121 167 
3359 2110 578 
2 3 133 

15 121 167 
3359 2110 576 
2 4 139 

15 121 167 
3359 2110 1159 
2 4 148 

15 121 167 
3359 2110 3400 
2 4 154 

15 121 217 
3359 2110 3192 
2 4 169 

15 121 217 
3359 2110 294 
2 4 169 

15 121 217 
3359 2110 3057 
2 4 169 

15 121 217 
3359 2110 2262 
2 4 169 

15 236 41 
3359 2110 458 
2 3 103 

15 236 41 
3359 2110 1792 
2 3 103 

15 236 41 
3359 2110 1783 
2 4 103 

15 236 41 
3359 2110 1671 
2 4 103 

15 236 238 
3359 2110 1671 
2 4 106 

15 236 182 
3359 2110 2948 
2 4 106 

15 236 238 
3359 2110 2948 
2 4 112 

15 236 182 
3359 2110 218 
2 4 118 

15 236 238 
3359 2110 218 
2 4 124 

15 236 182 
3359 2110 3623 
2 4 124 

15 236 238 
3359 2110 3623 
2 4 130 

15 236 182 
3359 2110 3761 
2 4 130 

15 236 238 
3359 2110 3761 
2 4 136 

15 236 238 
3359 2110 2952 
2 4 142 

15 321 41 
3359 2110 458 
2 3 100 

15 321 41 
3359 2110 1792 
2 3 100 

15 321 41 
3359 2110 1783 
2 3 100 

15 321 41 
3359 2110 1671 
2 4 100 

15 321 238 
3359 2110 1671 
2 4 103 

15 321 182 
3359 2110 218 
2 4 112 

15 321 238 
3359 2110 218 
2 4 118 

15 321 182 
3359 2110 3761 
2 4 121 

15 321 238 
3359 2110 3761 
2 4 127 

15 321 238 
3359 2110 2952 
2 4 133 

15 321 238 
3359 2110 3229 
2 4 139 

15 321 238 
3359 2110 1300 
2 4 145 

15 321 238 
3359 2110 533 
2 4 151 

15 321 238 
3359 2110 3752 
2 4 199 

15 345 182 
3359 2110 218 
2 4 109 

15 345 238 
3359 2110 218 
2 4 115 

15 345 182 
3359 2110 3623 
2 4 115 

15 345 238 
3359 2110 3623 
2 4 121 

15 345 182 
3359 2110 3761 
2 4 121 

15 345 238 
3359 2110 3761 
2 4 127 

15 345 238 
3359 2110 2952 
2 4 133 

15 345 238 
3359 2110 3229 
2 4 139 

15 345 238 
3359 2110 1300 
2 4 145 

15 345 238 
3359 2110 533 
2 4 151 

15 345 238 
3359 2110 791 
2 4 172 

15 345 238 
3359 2110 1100 
2 4 178 

15 436 167 
3359 2110 1784 
2 3 94 

15 436 217 
3359 2110 1784 
2 3 94 

15 436 167 
3359 2110 1241 
2 3 100 

15 436 217 
3359 2110 1241 
2 3 100 

15 436 217 
3359 2110 3695 
2 4 106 

15 436 217 
3359 2110 2606 
2 4 118 

15 508 41 
3359 2110 2962 
2 3 106 

15 508 41 
3359 2110 917 
2 3 106 

15 508 41 
3359 2110 3130 
2 3 106 

15 508 41 
3359 2110 3262 
2 3 106 

15 7 217 
3359 2153 2262 
2 3 130 

15 7 217 
3359 2153 3057 
2 4 136 

15 7 217 
3359 2153 294 
2 4 142 

15 11 167 
3359 2153 1784 
2 3 97 

15 11 217 
3359 2153 1784 
2 3 97 

15 11 167 
3359 2153 1241 
2 3 103 

15 11 217 
3359 2153 1241 
2 3 103 

15 11 217 
3359 2153 3695 
2 4 109 

15 11 217 
3359 2153 3512 
2 4 115 

15 11 217 
3359 2153 2599 
2 4 121 

15 11 217 
3359 2153 2606 
2 4 127 

15 11 182 
3359 2153 135 
2 4 172 

15 11 182 
3359 2153 1462 
2 4 184 

15 11 182 
3359 2153 1289 
2 4 184 

15 11 182 
3359 2153 3414 
2 4 193 

15 11 182 
3359 2153 2927 
2 4 199 

15 121 167 
3359 2153 578 
2 3 133 

15 121 167 
3359 2153 576 
2 3 139 

15 121 167 
3359 2153 1159 
2 4 148 

15 121 167 
3359 2153 3400 
2 4 154 

15 121 217 
3359 2153 3192 
2 4 169 

15 121 217 
3359 2153 294 
2 4 169 

15 121 217 
3359 2153 3057 
2 4 169 

15 121 217 
3359 2153 2262 
2 4 169 

15 236 41 
3359 2153 458 
2 3 103 

15 236 41 
3359 2153 1792 
2 3 103 

15 236 41 
3359 2153 1783 
2 3 103 

15 236 41 
3359 2153 1671 
2 4 103 

15 236 238 
3359 2153 1671 
2 4 106 

15 236 182 
3359 2153 2948 
2 4 106 

15 236 238 
3359 2153 2948 
2 4 112 

15 236 182 
3359 2153 218 
2 4 118 

15 236 238 
3359 2153 218 
2 4 124 

15 236 182 
3359 2153 3623 
2 4 124 

15 236 238 
3359 2153 3623 
2 4 130 

15 236 182 
3359 2153 3761 
2 4 130 

15 236 238 
3359 2153 3761 
2 4 136 

15 236 238 
3359 2153 2952 
2 4 142 

15 321 41 
3359 2153 458 
2 3 100 

15 321 41 
3359 2153 1792 
2 3 100 

15 321 41 
3359 2153 1783 
2 3 100 

15 321 41 
3359 2153 1671 
2 3 100 

15 321 238 
3359 2153 1671 
2 3 103 

15 321 182 
3359 2153 218 
2 4 112 

15 321 238 
3359 2153 218 
2 4 118 

15 321 182 
3359 2153 3761 
2 4 121 

15 321 238 
3359 2153 3761 
2 4 127 

15 321 238 
3359 2153 2952 
2 4 133 

15 321 238 
3359 2153 3229 
2 4 139 

15 321 238 
3359 2153 1300 
2 4 145 

15 321 238 
3359 2153 533 
2 4 151 

15 321 238 
3359 2153 3752 
2 4 199 

15 345 182 
3359 2153 218 
2 4 109 

15 345 238 
3359 2153 218 
2 4 115 

15 345 182 
3359 2153 3623 
2 4 115 

15 345 238 
3359 2153 3623 
2 4 121 

15 345 182 
3359 2153 3761 
2 4 121 

15 345 238 
3359 2153 3761 
2 4 127 

15 345 238 
3359 2153 2952 
2 4 133 

15 345 238 
3359 2153 3229 
2 4 139 

15 345 238 
3359 2153 1300 
2 4 145 

15 345 238 
3359 2153 533 
2 4 151 

15 345 238 
3359 2153 791 
2 4 172 

15 345 238 
3359 2153 1100 
2 4 178 

15 436 167 
3359 2153 1784 
2 3 94 

15 436 217 
3359 2153 1784 
2 3 94 

15 436 167 
3359 2153 1241 
2 3 100 

15 436 217 
3359 2153 1241 
2 3 100 

15 436 217 
3359 2153 3695 
2 3 106 

15 436 217 
3359 2153 2606 
2 4 118 

15 486 167 
3359 2153 2801 
2 3 100 

15 486 167 
3359 2153 590 
2 3 100 

15 486 217 
3359 2153 3512 
2 3 106 

15 486 217 
3359 2153 2599 
2 3 112 

15 486 217 
3359 2153 250 
2 4 124 

15 486 217 
3359 2153 301 
2 4 133 

15 508 41 
3359 2153 2962 
2 3 106 

15 508 41 
3359 2153 917 
2 3 106 

15 508 41 
3359 2153 3130 
2 3 106 

15 508 41 
3359 2153 3262 
2 3 106 

15 7 217 
3359 2814 2262 
2 3 130 

15 7 217 
3359 2814 3057 
2 3 136 

15 7 217 
3359 2814 294 
2 4 142 

15 11 167 
3359 2814 1784 
2 3 97 

15 11 217 
3359 2814 1784 
2 3 97 

15 11 167 
3359 2814 1241 
2 3 103 

15 11 217 
3359 2814 1241 
2 3 103 

15 11 217 
3359 2814 3695 
2 3 109 

15 11 217 
3359 2814 3512 
2 4 115 

15 11 217 
3359 2814 2599 
2 4 121 

15 11 217 
3359 2814 2606 
2 4 127 

15 11 182 
3359 2814 135 
2 4 172 

15 11 182 
3359 2814 1462 
2 4 184 

15 11 182 
3359 2814 1289 
2 4 184 

15 11 182 
3359 2814 3414 
2 4 193 

15 11 182 
3359 2814 2927 
2 4 199 

15 321 41 
3359 2814 458 
2 3 100 

15 321 41 
3359 2814 1792 
2 3 100 

15 321 41 
3359 2814 1783 
2 3 100 

15 321 41 
3359 2814 1671 
2 3 100 

15 321 238 
3359 2814 1671 
2 3 103 

15 321 182 
3359 2814 218 
2 4 112 

15 321 238 
3359 2814 218 
2 4 118 

15 321 182 
3359 2814 3761 
2 4 121 

15 321 238 
3359 2814 3761 
2 4 127 

15 321 238 
3359 2814 2952 
2 4 133 

15 321 238 
3359 2814 3229 
2 4 139 

15 321 238 
3359 2814 1300 
2 4 145 

15 321 238 
3359 2814 533 
2 4 151 

15 321 238 
3359 2814 3752 
2 4 199 

15 345 182 
3359 2814 218 
2 4 109 

15 345 238 
3359 2814 218 
2 4 115 

15 345 182 
3359 2814 3623 
2 4 115 

15 345 238 
3359 2814 3623 
2 4 121 

15 345 182 
3359 2814 3761 
2 4 121 

15 345 238 
3359 2814 3761 
2 4 127 

15 345 238 
3359 2814 2952 
2 4 133 

15 345 238 
3359 2814 3229 
2 4 139 

15 345 238 
3359 2814 1300 
2 4 145 

15 345 238 
3359 2814 533 
2 4 151 

15 345 238 
3359 2814 791 
2 4 172 

15 345 238 
3359 2814 1100 
2 4 178 

15 436 167 
3359 2814 1784 
2 3 94 

15 436 217 
3359 2814 1784 
2 3 94 

15 436 167 
3359 2814 1241 
2 3 100 

15 436 217 
3359 2814 1241 
2 3 100 

15 436 217 
3359 2814 3695 
2 3 106 

15 436 217 
3359 2814 2606 
2 3 118 

15 486 167 
3359 2814 2801 
2 3 100 

15 486 167 
3359 2814 590 
2 3 100 

15 486 217 
3359 2814 3512 
2 3 106 

15 486 217 
3359 2814 2599 
2 3 112 

15 486 217 
3359 2814 250 
2 3 124 

15 486 217 
3359 2814 301 
2 4 133 

15 7 217 
3359 3501 2262 
2 3 130 

15 7 217 
3359 3501 3057 
2 3 136 

15 7 217 
3359 3501 294 
2 3 142 

15 11 167 
3359 3501 1784 
2 3 94 

15 11 217 
3359 3501 1784 
2 3 94 

15 11 167 
3359 3501 1241 
2 3 100 

15 11 217 
3359 3501 1241 
2 3 100 

15 11 217 
3359 3501 3695 
2 3 106 

15 11 217 
3359 3501 3512 
2 3 112 

15 11 217 
3359 3501 2599 
2 3 118 

15 11 217 
3359 3501 2606 
2 4 124 

15 11 182 
3359 3501 135 
2 4 169 

15 11 182 
3359 3501 1462 
2 4 181 

15 11 182 
3359 3501 1289 
2 4 181 

15 11 182 
3359 3501 3414 
2 4 190 

15 11 182 
3359 3501 2927 
2 4 196 

15 137 41 
3359 3501 1671 
2 3 106 

15 137 238 
3359 3501 1671 
2 3 109 

15 137 41 
3359 3501 1783 
2 4 112 

15 137 167 
3359 3501 1784 
2 4 112 

15 137 217 
3359 3501 1784 
2 4 112 

15 137 167 
3359 3501 1241 
2 4 118 

15 137 217 
3359 3501 1241 
2 4 118 

15 137 217 
3359 3501 3695 
2 4 124 

15 137 217 
3359 3501 3512 
2 4 130 

15 137 217 
3359 3501 2599 
2 4 136 

15 137 217 
3359 3501 2606 
2 4 142 

15 137 217 
3359 3501 2604 
2 4 148 

15 321 41 
3359 3501 458 
2 3 100 

15 321 41 
3359 3501 1792 
2 3 100 

15 321 41 
3359 3501 1783 
2 3 100 

15 321 41 
3359 3501 1671 
2 3 100 

15 321 238 
3359 3501 1671 
2 3 103 

15 321 182 
3359 3501 218 
2 4 112 

15 321 238 
3359 3501 218 
2 4 118 

15 321 182 
3359 3501 3761 
2 4 121 

15 321 238 
3359 3501 3761 
2 4 127 

15 321 238 
3359 3501 2952 
2 4 133 

15 321 238 
3359 3501 3229 
2 4 139 

15 321 238 
3359 3501 1300 
2 4 145 

15 321 238 
3359 3501 533 
2 4 151 

15 321 238 
3359 3501 3752 
2 4 199 

15 345 182 
3359 3501 218 
2 3 109 

15 345 238 
3359 3501 218 
2 3 115 

15 345 182 
3359 3501 3623 
2 4 115 

15 345 238 
3359 3501 3623 
2 4 121 

15 345 182 
3359 3501 3761 
2 4 121 

15 345 238 
3359 3501 3761 
2 4 127 

15 345 238 
3359 3501 2952 
2 4 133 

15 345 238 
3359 3501 3229 
2 4 139 

15 345 238 
3359 3501 1300 
2 4 145 

15 345 238 
3359 3501 533 
2 4 151 

15 345 238 
3359 3501 791 
2 4 172 

15 345 238 
3359 3501 1100 
2 4 178 

15 436 167 
3359 3501 1784 
2 3 91 

15 436 217 
3359 3501 1784 
2 3 91 

15 436 167 
3359 3501 1241 
2 3 97 

15 436 217 
3359 3501 1241 
2 3 97 

15 436 217 
3359 3501 3695 
2 3 103 

15 436 217 
3359 3501 2606 
2 3 115 

15 486 167 
3359 3501 2801 
2 3 100 

15 486 167 
3359 3501 590 
2 3 100 

15 486 217 
3359 3501 3512 
2 3 106 

15 486 217 
3359 3501 2599 
2 3 112 

15 486 217 
3359 3501 250 
2 3 124 

15 486 217 
3359 3501 301 
2 3 133 

15 7 217 
3359 3515 2262 
2 3 130 

15 7 217 
3359 3515 3057 
2 3 136 

15 7 217 
3359 3515 294 
2 3 142 

15 11 167 
3359 3515 1784 
2 3 94 

15 11 217 
3359 3515 1784 
2 3 94 

15 11 167 
3359 3515 1241 
2 3 100 

15 11 217 
3359 3515 1241 
2 3 100 

15 11 217 
3359 3515 3695 
2 3 106 

15 11 217 
3359 3515 3512 
2 3 112 

15 11 217 
3359 3515 2599 
2 3 118 

15 11 217 
3359 3515 2606 
2 3 124 

15 11 182 
3359 3515 135 
2 4 169 

15 11 182 
3359 3515 1462 
2 4 181 

15 11 182 
3359 3515 1289 
2 4 181 

15 11 182 
3359 3515 3414 
2 4 190 

15 11 182 
3359 3515 2927 
2 4 196 

15 137 41 
3359 3515 1671 
2 3 106 

15 137 238 
3359 3515 1671 
2 3 109 

15 137 41 
3359 3515 1783 
2 3 112 

15 137 167 
3359 3515 1784 
2 4 112 

15 137 217 
3359 3515 1784 
2 4 112 

15 137 167 
3359 3515 1241 
2 4 118 

15 137 217 
3359 3515 1241 
2 4 118 

15 137 217 
3359 3515 3695 
2 4 124 

15 137 217 
3359 3515 3512 
2 4 130 

15 137 217 
3359 3515 2599 
2 4 136 

15 137 217 
3359 3515 2606 
2 4 142 

15 137 217 
3359 3515 2604 
2 4 148 

15 321 41 
3359 3515 458 
2 3 100 

15 321 41 
3359 3515 1792 
2 3 100 

15 321 41 
3359 3515 1783 
2 3 100 

15 321 41 
3359 3515 1671 
2 3 100 

15 321 238 
3359 3515 1671 
2 3 103 

15 321 182 
3359 3515 218 
2 3 112 

15 321 238 
3359 3515 218 
2 3 118 

15 321 182 
3359 3515 3761 
2 4 121 

15 321 238 
3359 3515 3761 
2 4 127 

15 321 238 
3359 3515 2952 
2 4 133 

15 321 238 
3359 3515 3229 
2 4 139 

15 321 238 
3359 3515 1300 
2 4 145 

15 321 238 
3359 3515 533 
2 4 151 

15 321 238 
3359 3515 3752 
2 4 199 

15 345 182 
3359 3515 218 
2 3 109 

15 345 238 
3359 3515 218 
2 3 115 

15 345 182 
3359 3515 3623 
2 3 115 

15 345 238 
3359 3515 3623 
2 3 121 

15 345 182 
3359 3515 3761 
2 4 121 

15 345 238 
3359 3515 3761 
2 4 127 

15 345 238 
3359 3515 2952 
2 4 133 

15 345 238 
3359 3515 3229 
2 4 139 

15 345 238 
3359 3515 1300 
2 4 145 

15 345 238 
3359 3515 533 
2 4 151 

15 345 238 
3359 3515 791 
2 4 172 

15 345 238 
3359 3515 1100 
2 4 178 

15 436 167 
3359 3515 1784 
2 3 91 

15 436 217 
3359 3515 1784 
2 3 91 

15 436 167 
3359 3515 1241 
2 3 97 

15 436 217 
3359 3515 1241 
2 3 97 

15 436 217 
3359 3515 3695 
2 3 103 

15 436 217 
3359 3515 2606 
2 3 115 

15 486 167 
3359 3515 2801 
2 3 100 

15 486 167 
3359 3515 590 
2 3 100 

15 486 217 
3359 3515 3512 
2 3 106 

15 486 217 
3359 3515 2599 
2 3 112 

15 486 217 
3359 3515 250 
2 3 124 

15 486 217 
3359 3515 301 
2 3 133 

15 7 217 
3359 3405 2262 
2 3 130 

15 7 217 
3359 3405 3057 
2 3 136 

15 7 217 
3359 3405 294 
2 3 142 

15 13 167 
3359 3405 2801 
2 3 106 

15 13 167 
3359 3405 590 
2 3 106 

15 13 217 
3359 3405 3695 
2 3 109 

15 13 217 
3359 3405 3512 
2 3 115 

15 13 217 
3359 3405 2599 
2 3 121 

15 13 217 
3359 3405 2606 
2 3 127 

15 13 217 
3359 3405 2604 
2 4 133 

15 13 217 
3359 3405 250 
2 4 139 

15 13 217 
3359 3405 1119 
2 4 145 

15 13 217 
3359 3405 301 
2 4 151 

15 79 167 
3359 3405 2801 
2 3 100 

15 79 167 
3359 3405 590 
2 3 100 

15 79 217 
3359 3405 3512 
2 3 109 

15 79 217 
3359 3405 2599 
2 3 115 

15 79 217 
3359 3405 2606 
2 3 121 

15 230 217 
3359 3405 3512 
2 3 112 

15 230 217 
3359 3405 2599 
2 3 118 

15 230 217 
3359 3405 2606 
2 3 124 

15 345 182 
3359 3405 218 
2 3 109 

15 345 238 
3359 3405 218 
2 3 115 

15 345 182 
3359 3405 3623 
2 3 115 

15 345 238 
3359 3405 3623 
2 3 121 

15 345 182 
3359 3405 3761 
2 3 121 

15 345 238 
3359 3405 3761 
2 3 127 

15 345 238 
3359 3405 2952 
2 4 133 

15 345 238 
3359 3405 3229 
2 4 139 

15 345 238 
3359 3405 1300 
2 4 145 

15 345 238 
3359 3405 533 
2 4 151 

15 345 238 
3359 3405 791 
2 4 172 

15 345 238 
3359 3405 1100 
2 4 178 

15 486 167 
3359 3405 2801 
2 3 100 

15 486 167 
3359 3405 590 
2 3 100 

15 486 217 
3359 3405 3512 
2 3 106 

15 486 217 
3359 3405 2599 
2 3 112 

15 486 217 
3359 3405 250 
2 3 124 

15 486 217 
3359 3405 301 
2 3 133 

15 236 41 
3359 2424 458 
2 3 94 

15 236 41 
3359 2424 1792 
2 3 94 

15 236 41 
3359 2424 1783 
2 3 94 

15 236 41 
3359 2424 1671 
2 3 94 

15 236 238 
3359 2424 1671 
2 3 97 

15 236 182 
3359 2424 2948 
2 3 97 

15 236 238 
3359 2424 2948 
2 3 103 

15 236 182 
3359 2424 218 
2 3 109 

15 236 238 
3359 2424 218 
2 3 115 

15 236 182 
3359 2424 3623 
2 3 115 

15 236 238 
3359 2424 3623 
2 3 121 

15 236 182 
3359 2424 3761 
2 3 121 

15 236 238 
3359 2424 3761 
2 3 127 

15 236 238 
3359 2424 2952 
2 3 133 

15 304 167 
3359 2424 1784 
2 3 94 

15 304 217 
3359 2424 1784 
2 3 94 

15 317 167 
3359 1174 3496 
2 3 151 

15 317 167 
3359 1174 1893 
2 3 157 

15 317 167 
3359 1174 519 
2 4 163 

15 91 167 
3359 902 3496 
2 3 154 

15 91 167 
3359 902 1893 
2 3 160 

15 91 167 
3359 902 519 
2 4 166 

15 91 167 
3359 902 517 
2 4 172 

15 91 167 
3359 902 588 
2 4 178 

15 258 182 
3359 902 3623 
2 3 118 

15 258 238 
3359 902 3623 
2 3 124 

15 258 182 
3359 902 3761 
2 3 124 

15 258 238 
3359 902 3761 
2 3 130 

15 258 238 
3359 902 2952 
2 3 136 

15 317 167 
3359 902 3496 
2 3 157 

15 317 167 
3359 902 1893 
2 3 163 

15 317 167 
3359 902 519 
2 4 169 

15 137 41 
3359 900 1671 
2 3 106 

15 137 238 
3359 900 1671 
2 3 109 

15 137 41 
3359 900 1783 
2 3 112 

15 137 167 
3359 900 1784 
2 3 112 

15 137 217 
3359 900 1784 
2 3 112 

15 137 167 
3359 900 1241 
2 3 118 

15 137 217 
3359 900 1241 
2 3 118 

15 137 217 
3359 900 3695 
2 3 124 

15 137 217 
3359 900 3512 
2 3 130 

15 137 217 
3359 900 2599 
2 3 136 

15 137 217 
3359 900 2606 
2 4 142 

15 137 217 
3359 900 2604 
2 4 148 

15 317 167 
3359 900 3496 
2 3 163 

15 317 167 
3359 900 1893 
2 3 169 

15 317 167 
3359 900 519 
2 4 175 

15 137 41 
3359 3733 1671 
2 3 106 

15 137 238 
3359 3733 1671 
2 3 109 

15 137 41 
3359 3733 1783 
2 3 112 

15 137 167 
3359 3733 1784 
2 3 112 

15 137 217 
3359 3733 1784 
2 3 112 

15 137 167 
3359 3733 1241 
2 3 118 

15 137 217 
3359 3733 1241 
2 3 118 

15 137 217 
3359 3733 3695 
2 3 124 

15 137 217 
3359 3733 3512 
2 3 130 

15 137 217 
3359 3733 2599 
2 3 136 

15 137 217 
3359 3733 2606 
2 3 142 

15 137 217 
3359 3733 2604 
2 4 148 

15 139 167 
3359 3733 1784 
2 3 103 

15 139 217 
3359 3733 1784 
2 3 103 

15 139 167 
3359 3733 1241 
2 3 109 

15 139 217 
3359 3733 1241 
2 3 109 

15 139 217 
3359 3733 3512 
2 3 121 

15 139 217 
3359 3733 2599 
2 3 127 

15 139 217 
3359 3733 2606 
2 3 133 

15 317 167 
3359 3733 3496 
2 3 169 

15 317 167 
3359 3733 1893 
2 3 175 

15 317 167 
3359 3733 519 
2 4 181 

15 134 167 
3359 1769 1784 
2 3 106 

15 134 217 
3359 1769 1784 
2 3 106 

15 134 167 
3359 1769 1241 
2 3 112 

15 134 217 
3359 1769 1241 
2 3 112 

15 134 217 
3359 1769 3695 
2 3 121 

15 134 217 
3359 1769 3512 
2 3 127 

15 134 217 
3359 1769 2599 
2 3 133 

15 134 217 
3359 1769 2606 
2 3 139 

15 134 217 
3359 1769 3192 
2 4 193 

15 134 217 
3359 1769 304 
2 4 199 

15 134 217 
3359 1769 727 
2 4 205 

15 134 217 
3359 1769 2364 
2 4 211 

15 139 167 
3359 1769 1784 
2 3 109 

15 139 217 
3359 1769 1784 
2 3 109 

15 139 167 
3359 1769 1241 
2 3 115 

15 139 217 
3359 1769 1241 
2 3 115 

15 139 217 
3359 1769 3512 
2 3 127 

15 139 217 
3359 1769 2599 
2 3 133 

15 139 217 
3359 1769 2606 
2 3 139 

15 196 217 
3359 1769 3512 
2 3 124 

15 196 217 
3359 1769 2599 
2 3 130 

15 196 217 
3359 1769 2606 
2 3 136 

15 196 217 
3359 1769 2604 
2 3 142 

15 134 167 
3359 753 1784 
2 3 112 

15 134 217 
3359 753 1784 
2 3 112 

15 134 167 
3359 753 1241 
2 3 118 

15 134 217 
3359 753 1241 
2 3 118 

15 134 217 
3359 753 3695 
2 3 127 

15 134 217 
3359 753 3512 
2 3 133 

15 134 217 
3359 753 2599 
2 3 139 

15 134 217 
3359 753 2606 
2 3 145 

15 134 217 
3359 753 3192 
2 4 199 

15 134 217 
3359 753 304 
2 4 205 

15 134 217 
3359 753 727 
2 4 211 

15 134 217 
3359 753 2364 
2 4 217 

15 139 167 
3359 753 1784 
2 3 115 

15 139 217 
3359 753 1784 
2 3 115 

15 139 167 
3359 753 1241 
2 3 121 

15 139 217 
3359 753 1241 
2 3 121 

15 139 217 
3359 753 3512 
2 3 133 

15 139 217 
3359 753 2599 
2 3 139 

15 139 217 
3359 753 2606 
2 3 145 

15 134 167 
3359 2418 1784 
2 4 118 

15 134 217 
3359 2418 1784 
2 4 118 

15 134 167 
3359 2418 1241 
2 4 124 

15 134 217 
3359 2418 1241 
2 4 124 

15 134 217 
3359 2418 3695 
2 4 133 

15 134 217 
3359 2418 3512 
2 4 139 

15 134 217 
3359 2418 2599 
2 4 145 

15 134 217 
3359 2418 2606 
2 4 151 

15 134 217 
3359 2418 3192 
2 5 205 

15 134 217 
3359 2418 304 
2 5 211 

15 134 217 
3359 2418 727 
2 5 217 

15 134 217 
3359 2418 2364 
2 5 223 

15 382 238 
3359 2418 791 
2 5 196 

15 382 238 
3359 2418 1100 
2 5 202 

15 382 238 
3359 2418 375 
2 5 208 

15 382 238 
3359 2418 373 
2 5 214 

15 382 238 
3359 2418 374 
2 5 220 

15 134 167 
3359 1738 1784 
2 4 124 

15 134 217 
3359 1738 1784 
2 4 124 

15 134 167 
3359 1738 1241 
2 4 130 

15 134 217 
3359 1738 1241 
2 4 130 

15 134 217 
3359 1738 3695 
2 4 139 

15 134 217 
3359 1738 3512 
2 4 145 

15 134 217 
3359 1738 2599 
2 4 151 

15 134 217 
3359 1738 2606 
2 5 157 

15 134 217 
3359 1738 3192 
2 5 211 

15 134 217 
3359 1738 304 
2 5 217 

15 134 217 
3359 1738 727 
2 5 223 

15 134 217 
3359 1738 2364 
2 5 229 

15 382 238 
3359 1738 791 
2 5 196 

15 382 238 
3359 1738 1100 
2 5 202 

15 382 238 
3359 1738 375 
2 5 208 

15 382 238 
3359 1738 373 
2 5 214 

15 382 238 
3359 1738 374 
2 5 220 

15 134 167 
3359 493 1784 
2 4 130 

15 134 217 
3359 493 1784 
2 4 130 

15 134 167 
3359 493 1241 
2 4 136 

15 134 217 
3359 493 1241 
2 4 136 

15 134 217 
3359 493 3695 
2 4 145 

15 134 217 
3359 493 3512 
2 4 151 

15 134 217 
3359 493 2599 
2 5 157 

15 134 217 
3359 493 2606 
2 5 163 

15 134 217 
3359 493 3192 
2 5 217 

15 134 217 
3359 493 304 
2 5 223 

15 134 217 
3359 493 727 
2 5 229 

15 134 217 
3359 493 2364 
2 5 235 

15 382 238 
3359 493 791 
2 5 196 

15 382 238 
3359 493 1100 
2 5 202 

15 382 238 
3359 493 375 
2 5 208 

15 382 238 
3359 493 373 
2 5 214 

15 382 238 
3359 493 374 
2 5 220 

15 134 167 
3359 2450 1784 
2 4 136 

15 134 217 
3359 2450 1784 
2 4 136 

15 134 167 
3359 2450 1241 
2 4 142 

15 134 217 
3359 2450 1241 
2 4 142 

15 134 217 
3359 2450 3695 
2 4 151 

15 134 217 
3359 2450 3512 
2 5 157 

15 134 217 
3359 2450 2599 
2 5 163 

15 134 217 
3359 2450 2606 
2 5 169 

15 134 217 
3359 2450 3192 
2 5 223 

15 134 217 
3359 2450 304 
2 5 229 

15 134 217 
3359 2450 727 
2 5 235 

15 134 217 
3359 2450 2364 
2 5 241 

15 382 238 
3359 2450 791 
2 5 193 

15 382 238 
3359 2450 1100 
2 5 199 

15 382 238 
3359 2450 375 
2 5 205 

15 382 238 
3359 2450 373 
2 5 211 

15 382 238 
3359 2450 374 
2 5 217 

15 134 167 
3359 355 1784 
2 4 142 

15 134 217 
3359 355 1784 
2 4 142 

15 134 167 
3359 355 1241 
2 4 148 

15 134 217 
3359 355 1241 
2 4 148 

15 134 217 
3359 355 3695 
2 5 157 

15 134 217 
3359 355 3512 
2 5 163 

15 134 217 
3359 355 2599 
2 5 169 

15 134 217 
3359 355 2606 
2 5 175 

15 134 217 
3359 355 3192 
2 5 229 

15 134 217 
3359 355 304 
2 5 235 

15 134 217 
3359 355 727 
2 5 241 

15 134 217 
3359 355 2364 
2 5 247 

15 382 238 
3359 355 791 
2 5 193 

15 382 238 
3359 355 1100 
2 5 199 

15 382 238 
3359 355 375 
2 5 205 

15 382 238 
3359 355 373 
2 5 211 

15 382 238 
3359 355 374 
2 5 217 

15 10 238 
3359 354 533 
2 4 160 

15 10 238 
3359 354 1300 
2 4 160 

15 10 238 
3359 354 3229 
2 4 160 

15 10 238 
3359 354 2952 
2 4 160 

15 10 182 
3359 354 3761 
2 4 154 

15 10 238 
3359 354 3761 
2 4 160 

15 10 182 
3359 354 3623 
2 4 154 

15 10 238 
3359 354 3623 
2 4 160 

15 127 41 
3359 354 1671 
2 4 127 

15 127 238 
3359 354 1671 
2 4 130 

15 127 41 
3359 354 1783 
2 4 133 

15 127 41 
3359 354 1792 
2 4 139 

15 264 182 
3359 354 2948 
2 4 145 

15 264 238 
3359 354 2948 
2 4 151 

15 264 41 
3359 354 1671 
2 4 148 

15 264 238 
3359 354 1671 
2 4 151 

15 264 41 
3359 354 1783 
2 4 154 

15 264 167 
3359 354 1784 
2 5 154 

15 264 217 
3359 354 1784 
2 5 154 

15 264 167 
3359 354 1240 
2 5 163 

15 264 167 
3359 354 590 
2 5 169 

15 264 167 
3359 354 2801 
2 5 175 

15 264 167 
3359 354 1893 
2 5 250 

15 280 41 
3359 354 2962 
2 4 181 

15 280 217 
3359 354 304 
2 5 223 

15 280 217 
3359 354 3192 
2 5 223 

15 377 182 
3359 354 218 
2 4 139 

15 377 238 
3359 354 218 
2 4 145 

15 377 182 
3359 354 3623 
2 4 145 

15 377 238 
3359 354 3623 
2 4 151 

15 377 182 
3359 354 3761 
2 4 151 

15 377 238 
3359 354 3761 
2 4 157 

15 377 238 
3359 354 2952 
2 4 163 

15 377 182 
3359 354 3071 
2 5 193 

15 377 182 
3359 354 694 
2 5 202 

15 377 217 
3359 354 2262 
2 5 241 

15 377 167 
3359 354 1893 
2 6 295 

15 382 238 
3359 354 791 
2 5 193 

15 382 238 
3359 354 1100 
2 5 199 

15 382 238 
3359 354 375 
2 5 205 

15 382 238 
3359 354 373 
2 5 211 

15 382 238 
3359 354 374 
2 5 217 

15 127 41 
3359 2415 1671 
2 4 127 

15 127 238 
3359 2415 1671 
2 4 130 

15 127 41 
3359 2415 1783 
2 4 133 

15 127 41 
3359 2415 1792 
2 4 139 

15 264 182 
3359 2415 2948 
2 4 142 

15 264 238 
3359 2415 2948 
2 4 148 

15 264 41 
3359 2415 1671 
2 4 145 

15 264 238 
3359 2415 1671 
2 4 148 

15 264 41 
3359 2415 1783 
2 4 151 

15 264 167 
3359 2415 1784 
2 4 151 

15 264 217 
3359 2415 1784 
2 4 151 

15 264 167 
3359 2415 1240 
2 4 160 

15 264 167 
3359 2415 590 
2 5 166 

15 264 167 
3359 2415 2801 
2 5 172 

15 264 167 
3359 2415 1893 
2 5 247 

15 280 41 
3359 2415 2962 
2 4 178 

15 280 217 
3359 2415 304 
2 5 220 

15 280 217 
3359 2415 3192 
2 5 220 

15 377 182 
3359 2415 218 
2 4 136 

15 377 238 
3359 2415 218 
2 4 142 

15 377 182 
3359 2415 3623 
2 4 142 

15 377 238 
3359 2415 3623 
2 4 148 

15 377 182 
3359 2415 3761 
2 4 148 

15 377 238 
3359 2415 3761 
2 4 154 

15 377 238 
3359 2415 2952 
2 4 160 

15 377 182 
3359 2415 3071 
2 5 190 

15 377 182 
3359 2415 694 
2 5 199 

15 377 217 
3359 2415 2262 
2 5 238 

15 377 167 
3359 2415 1893 
2 6 292 

15 382 238 
3359 2415 791 
2 4 190 

15 382 238 
3359 2415 1100 
2 5 196 

15 382 238 
3359 2415 375 
2 5 202 

15 382 238 
3359 2415 373 
2 5 208 

15 382 238 
3359 2415 374 
2 5 214 

15 127 41 
3359 752 1671 
2 4 127 

15 127 238 
3359 752 1671 
2 4 130 

15 127 41 
3359 752 1783 
2 4 133 

15 127 41 
3359 752 1792 
2 4 139 

15 264 182 
3359 752 2948 
2 4 142 

15 264 238 
3359 752 2948 
2 4 148 

15 264 41 
3359 752 1671 
2 4 145 

15 264 238 
3359 752 1671 
2 4 148 

15 264 41 
3359 752 1783 
2 4 151 

15 264 167 
3359 752 1784 
2 4 151 

15 264 217 
3359 752 1784 
2 4 151 

15 264 167 
3359 752 1240 
2 4 160 

15 264 167 
3359 752 590 
2 4 166 

15 264 167 
3359 752 2801 
2 5 172 

15 264 167 
3359 752 1893 
2 5 247 

15 280 41 
3359 752 2962 
2 4 175 

15 280 217 
3359 752 304 
2 5 217 

15 280 217 
3359 752 3192 
2 5 217 

15 377 182 
3359 752 218 
2 4 136 

15 377 238 
3359 752 218 
2 4 142 

15 377 182 
3359 752 3623 
2 4 142 

15 377 238 
3359 752 3623 
2 4 148 

15 377 182 
3359 752 3761 
2 4 148 

15 377 238 
3359 752 3761 
2 4 154 

15 377 238 
3359 752 2952 
2 4 160 

15 377 182 
3359 752 3071 
2 5 190 

15 377 182 
3359 752 694 
2 5 199 

15 377 217 
3359 752 2262 
2 5 238 

15 377 167 
3359 752 1893 
2 6 292 

15 382 238 
3359 752 791 
2 4 190 

15 382 238 
3359 752 1100 
2 4 196 

15 382 238 
3359 752 375 
2 5 202 

15 382 238 
3359 752 373 
2 5 208 

15 382 238 
3359 752 374 
2 5 214 

15 5 41 
3359 3453 1790 
2 4 157 

15 114 41 
3359 3453 2962 
2 4 178 

15 131 41 
3359 3453 2962 
2 4 178 

15 331 41 
3359 3453 1790 
2 4 148 

15 468 167 
3359 3453 1784 
2 4 145 

15 468 217 
3359 3453 1784 
2 4 145 

15 468 167 
3359 3453 1241 
2 4 151 

15 468 217 
3359 3453 1241 
2 4 151 

15 468 217 
3359 3453 3695 
2 4 160 

15 468 217 
3359 3453 3512 
2 4 166 

15 468 217 
3359 3453 2599 
2 4 172 

15 468 217 
3359 3453 2606 
2 5 178 

15 468 217 
3359 3453 2604 
2 5 184 

15 131 41 
3359 403 2962 
2 4 187 

15 405 238 
3359 403 533 
2 4 172 

15 405 238 
3359 403 1300 
2 4 172 

15 405 238 
3359 403 3229 
2 4 172 

15 405 238 
3359 403 2952 
2 4 172 

15 405 182 
3359 403 3761 
2 4 166 

15 405 238 
3359 403 3761 
2 4 172 

15 405 182 
3359 403 3623 
2 4 166 

15 405 238 
3359 403 3623 
2 4 172 

15 468 167 
3359 403 1784 
2 4 154 

15 468 217 
3359 403 1784 
2 4 154 

15 468 167 
3359 403 1241 
2 4 160 

15 468 217 
3359 403 1241 
2 4 160 

15 468 217 
3359 403 3695 
2 4 169 

15 468 217 
3359 403 3512 
2 5 175 

15 468 217 
3359 403 2599 
2 5 181 

15 468 217 
3359 403 2606 
2 5 187 

15 468 217 
3359 403 2604 
2 5 193 

15 5 41 
3359 130 1790 
2 4 172 

15 131 41 
3359 130 2962 
2 4 199 

15 405 238 
3359 130 533 
2 4 181 

15 405 238 
3359 130 1300 
2 4 181 

15 405 238 
3359 130 3229 
2 4 181 

15 405 238 
3359 130 2952 
2 4 181 

15 405 182 
3359 130 3761 
2 4 175 

15 405 238 
3359 130 3761 
2 4 181 

15 405 182 
3359 130 3623 
2 5 175 

15 405 238 
3359 130 3623 
2 5 181 

15 468 167 
3359 130 1784 
2 4 166 

15 468 217 
3359 130 1784 
2 4 166 

15 468 167 
3359 130 1241 
2 5 172 

15 468 217 
3359 130 1241 
2 5 172 

15 468 217 
3359 130 3695 
2 5 181 

15 468 217 
3359 130 3512 
2 5 187 

15 468 217 
3359 130 2599 
2 5 193 

15 468 217 
3359 130 2606 
2 5 199 

15 468 217 
3359 130 2604 
2 5 205 

15 5 41 
3359 477 1790 
2 4 178 

15 468 167 
3359 477 1784 
2 5 172 

15 468 217 
3359 477 1784 
2 5 172 

15 468 167 
3359 477 1241 
2 5 178 

15 468 217 
3359 477 1241 
2 5 178 

15 468 217 
3359 477 3695 
2 5 187 

15 468 217 
3359 477 3512 
2 5 193 

15 468 217 
3359 477 2599 
2 5 199 

15 468 217 
3359 477 2606 
2 5 205 

15 468 217 
3359 477 2604 
2 5 211 

15 5 41 
3359 3264 1790 
2 4 184 

15 468 167 
3359 3264 1784 
2 5 178 

15 468 217 
3359 3264 1784 
2 5 178 

15 468 167 
3359 3264 1241 
2 5 184 

15 468 217 
3359 3264 1241 
2 5 184 

15 468 217 
3359 3264 3695 
2 5 193 

15 468 217 
3359 3264 3512 
2 5 199 

15 468 217 
3359 3264 2599 
2 5 205 

15 468 217 
3359 3264 2606 
2 5 211 

15 468 217 
3359 3264 2604 
2 5 217 

15 5 41 
3359 2086 1790 
2 5 196 

15 468 167 
3359 1831 1784 
2 5 202 

15 468 217 
3359 1831 1784 
2 5 202 

15 468 167 
3359 1831 1241 
2 5 208 

15 468 217 
3359 1831 1241 
2 5 208 

15 468 217 
3359 1831 3695 
2 5 217 

15 468 217 
3359 1831 3512 
2 5 223 

15 468 217 
3359 1831 2599 
2 5 229 

15 468 217 
3359 1831 2606 
2 5 235 

15 468 217 
3359 1831 2604 
2 5 241 

15 468 167 
3359 2295 1784 
2 5 208 

15 468 217 
3359 2295 1784 
2 5 208 

15 468 167 
3359 2295 1241 
2 5 214 

15 468 217 
3359 2295 1241 
2 5 214 

15 468 217 
3359 2295 3695 
2 5 223 

15 468 217 
3359 2295 3512 
2 5 229 

15 468 217 
3359 2295 2599 
2 5 235 

15 468 217 
3359 2295 2606 
2 5 241 

15 468 217 
3359 2295 2604 
2 5 247 

15 5 41 
3359 1236 1790 
2 5 211 

15 468 167 
3359 1236 1784 
2 5 205 

15 468 217 
3359 1236 1784 
2 5 205 

15 468 167 
3359 1236 1241 
2 5 211 

15 468 217 
3359 1236 1241 
2 5 211 

15 468 217 
3359 1236 3695 
2 5 220 

15 468 217 
3359 1236 3512 
2 5 226 

15 468 217 
3359 1236 2599 
2 5 232 

15 468 217 
3359 1236 2606 
2 5 238 

15 468 217 
3359 1236 2604 
2 5 244 

