13 119 417 
971 3571 872 
2 4 160 

13 119 417 
971 3571 1739 
2 4 160 

13 119 377 
971 3571 354 
2 6 271 

13 378 469 
971 3571 2027 
2 4 142 

13 378 469 
971 3571 2023 
2 4 145 

13 378 469 
971 3571 3359 
2 4 145 

13 378 469 
971 3571 2026 
2 4 145 

13 378 104 
971 3571 3401 
2 4 166 

13 378 45 
971 3571 973 
2 5 181 

13 378 45 
971 3571 3077 
2 5 181 

13 378 450 
971 3571 3077 
2 5 181 

13 378 450 
971 3571 975 
2 5 187 

13 119 417 
971 1609 872 
2 4 166 

13 119 417 
971 1609 1739 
2 4 166 

13 119 377 
971 1609 354 
2 6 277 

13 140 104 
971 1609 3037 
2 3 115 

13 140 104 
971 1609 2654 
2 3 115 

13 140 469 
971 1609 2654 
2 3 106 

13 166 417 
971 1609 872 
2 5 184 

13 166 417 
971 1609 3919 
2 5 190 

13 166 377 
971 1609 354 
2 6 304 

13 166 377 
971 1609 2415 
2 6 301 

13 166 377 
971 1609 752 
2 6 301 

13 378 469 
971 1609 2027 
2 4 142 

13 378 469 
971 1609 2023 
2 4 145 

13 378 469 
971 1609 3359 
2 4 145 

13 378 469 
971 1609 2026 
2 4 145 

13 378 104 
971 1609 3401 
2 4 166 

13 378 45 
971 1609 973 
2 5 181 

13 378 45 
971 1609 3077 
2 5 181 

13 378 450 
971 1609 3077 
2 5 181 

13 378 450 
971 1609 975 
2 5 187 

13 119 417 
971 345 872 
2 4 172 

13 119 417 
971 345 1739 
2 5 172 

13 119 377 
971 345 354 
2 6 283 

13 140 104 
971 345 3037 
2 3 121 

13 140 104 
971 345 2654 
2 3 121 

13 140 469 
971 345 2654 
2 3 112 

13 166 417 
971 345 872 
2 5 190 

13 166 417 
971 345 3919 
2 5 196 

13 166 377 
971 345 354 
2 6 310 

13 166 377 
971 345 2415 
2 6 307 

13 166 377 
971 345 752 
2 6 307 

13 119 417 
971 567 872 
2 5 193 

13 119 417 
971 567 1739 
2 5 193 

13 119 377 
971 567 354 
2 6 304 

13 140 104 
971 567 3037 
2 4 142 

13 140 104 
971 567 2654 
2 4 142 

13 140 469 
971 567 2654 
2 4 133 

13 166 417 
971 567 872 
2 5 211 

13 166 417 
971 567 3919 
2 5 217 

13 166 377 
971 567 354 
2 6 331 

13 166 377 
971 567 2415 
2 7 328 

13 166 377 
971 567 752 
2 7 328 

13 481 469 
971 567 2027 
2 4 160 

13 140 104 
971 2202 3037 
2 4 148 

13 140 104 
971 2202 2654 
2 4 148 

13 140 469 
971 2202 2654 
2 4 139 

13 166 417 
971 2202 872 
2 5 217 

13 166 417 
971 2202 3919 
2 5 223 

13 166 377 
971 2202 354 
2 7 337 

13 166 377 
971 2202 2415 
2 7 334 

13 166 377 
971 2202 752 
2 7 334 

13 481 469 
971 2202 2027 
2 4 166 

13 140 104 
971 2688 3037 
2 4 214 

13 140 104 
971 2688 2654 
2 4 214 

13 140 469 
971 2688 2654 
2 4 205 

13 481 469 
971 2688 2027 
2 5 235 

13 140 104 
971 538 3037 
2 4 214 

13 140 104 
971 538 2654 
2 4 214 

13 140 469 
971 538 2654 
2 4 205 

13 166 417 
971 538 872 
2 6 289 

13 166 417 
971 538 3919 
2 6 295 

13 166 377 
971 538 354 
2 7 409 

13 166 377 
971 538 2415 
2 7 406 

13 166 377 
971 538 752 
2 7 406 

13 481 469 
971 538 2027 
2 5 235 

13 140 104 
971 3772 3037 
2 4 214 

13 140 104 
971 3772 2654 
2 4 214 

13 140 469 
971 3772 2654 
2 4 205 

13 166 417 
971 3772 872 
2 6 289 

13 166 417 
971 3772 3919 
2 6 295 

13 166 377 
971 3772 354 
2 7 409 

13 166 377 
971 3772 2415 
2 7 406 

13 166 377 
971 3772 752 
2 7 406 

13 481 469 
971 3772 2027 
2 4 235 

13 140 104 
971 1905 3037 
2 4 214 

13 140 104 
971 1905 2654 
2 4 214 

13 140 469 
971 1905 2654 
2 4 205 

13 166 417 
971 1905 872 
2 6 289 

13 166 417 
971 1905 3919 
2 6 295 

13 166 377 
971 1905 354 
2 7 409 

13 166 377 
971 1905 2415 
2 7 406 

13 166 377 
971 1905 752 
2 7 406 

13 481 469 
971 1905 2027 
2 4 235 

13 166 417 
971 333 872 
2 6 304 

13 166 417 
971 333 3919 
2 6 310 

13 166 377 
971 333 354 
2 7 424 

13 166 377 
971 333 2415 
2 7 421 

13 166 377 
971 333 752 
2 7 421 

