1

经过插值
282.100000 285.800000 310.400000 327.900000 345.400000 362.900000 390.300000 435.500000 379.000000 412.500000 490.100000 

377.357950
112.742050
2

经过插值
27.680000 29.500000 31.100000 32.800000 34.500000 36.200000 40.260000 45.800000 44.600000 43.600000 50.400000 

47.116205
3.283795
3

经过插值
10186.000000 11007.000000 11500.000000 11833.333333 12166.666667 12500.000000 13200.000000 14280.000000 14181.000000 16257.000000 18000.000000 

18255.852220
-255.852220
4

经过插值
683.000000 887.700000 930.000000 1053.333333 1176.666667 1300.000000 1482.700000 1753.600000 1907.000000 2144.500000 2767.900000 

2436.928714
330.971286
