79
4	39675	39689	39691	0
4	39676	39689	39691	0
2	39679	39692	39699	39701
3	39679	39692	39695	0
4	39679	39692	39695	0
4	39679	39692	39695	0
2	39679	39692	39699	39701
4	39679	39693	39695	0
4	39679	39694	39696	0
2	39679	39694	39699	39701
2	39679	39694	39699	39701
4	39679	39694	39696	0
1	39679	39695	39699	0
4	39679	39695	39697	0
4	39680	39695	39697	0
4	39680	39695	39697	0
4	39680	39695	39697	0
4	39680	39695	39697	0
2	39680	39695	39699	39701
4	39681	39696	39698	0
2	39682	39696	39699	39701
2	39682	39696	39699	39701
4	39682	39696	39698	0
3	39683	39696	39698	0
3	39683	39696	39698	0
2	39683	39696	39699	39701
4	39683	39697	39700	0
2	39683	39697	39699	39701
2	39683	39697	39699	39701
3	39684	39697	39700	0
4	39684	39697	39700	0
2	39684	39697	39699	39701
4	39684	39697	39700	0
4	39684	39697	39700	0
2	39684	39697	39699	39701
3	39684	39697	39700	0
4	39685	39697	39700	0
4	39685	39697	39700	0
3	39685	39697	39700	0
2	39685	39697	39699	39701
2	39685	39698	39699	39701
4	39686	39698	39700	0
1	39686	39698	39699	0
2	39686	39698	39699	39701
4	39686	39698	39700	0
4	39687	39699	39702	0
4	39687	39699	39702	0
1	39687	39699	39701	0
4	39687	39699	39702	0
2	39687	39700	39706	39708
4	39688	39700	39702	0
1	39688	39700	39701	0
2	39688	39701	39706	39708
4	39688	39701	39703	0
4	39688	39701	39703	0
4	39688	39701	39703	0
2	39688	39701	39706	39708
2	39688	39701	39706	39708
3	39688	39700	39702	0
3	39689	39701	39703	0
4	39689	39701	39703	0
3	39689	39701	39703	0
2	39689	39701	39706	39708
4	39689	39701	39703	0
1	39689	39702	39706	0
2	39689	39702	39706	39708
1	39689	39702	39706	0
2	39689	39702	39706	39708
4	39690	39702	39704	0
1	39690	39702	39706	0
4	39690	39702	39704	0
5	39695	39696	39697	0
5	39696	39697	39698	0
5	39696	39697	39698	0
5	39696	39697	39698	0
5	39697	39698	39699	0
5	39699	39700	39701	0
5	39700	39701	39702	0
5	39700	39701	39702	0
102
2	39690
4	39690
3	39690
4	39690
4	39690
2	39690
1	39691
3	39691
2	39691
4	39691
4	39691
4	39691
3	39691
1	39691
4	39692
4	39692
3	39692
2	39692
2	39692
2	39692
4	39692
1	39692
4	39692
4	39692
1	39693
1	39693
2	39693
1	39693
4	39693
4	39694
4	39694
2	39694
1	39694
4	39694
1	39694
4	39694
4	39694
2	39695
1	39695
3	39695
4	39695
4	39695
4	39695
3	39695
2	39695
2	39695
3	39695
3	39695
4	39695
4	39695
2	39696
2	39696
2	39696
4	39696
2	39696
3	39696
2	39696
1	39696
2	39696
2	39696
2	39697
4	39697
3	39697
2	39697
4	39698
2	39698
4	39698
1	39699
4	39699
4	39699
1	39699
2	39699
1	39699
4	39699
1	39699
3	39700
3	39700
4	39700
1	39700
1	39700
4	39701
1	39701
2	39701
1	39701
1	39701
2	39701
1	39701
3	39701
2	39701
4	39702
4	39702
3	39702
2	39702
2	39702
3	39702
2	39702
5	39702
2	39702
4	39702
1	39702
4	39702
4	39702


