1   39703
4   39703
2   39703
1   39703
1   39703
3   39703
4   39703
3   39704
4   39704
1   39704
4   39704
4   39704
4   39704
2   39704
5   39704
2   39704
1   39705
4   39705
4   39705
1   39705
2   39705
4   39705
1   39705
3   39705
4   39706
2   39706
3   39706
4   39706
2   39706
2   39707
2   39707
4   39707
2   39707
3   39707
1   39708
1   39708
3   39708
2   39708
5   39708
4   39708
4   39708
5   39709
4   39709
3   39709
5   39709
2   39710
2   39710
4   39710
2   39710
2   39710
2   39710
4   39710
1   39710
2   39711
4   39711
4   39711
3   39711
4   39711
4   39712
2   39712
2   39712
4   39712
3   39712
2   39712
4   39712
2   39712
2   39712
2   39713
2   39713
2   39713
2   39713
2   39713
4   39713
1   39713
1   39713
4   39713
2   39713
4   39714
2   39714
1   39714
2   39714
4   39714
4   39714
2   39714
4   39714
2   39714
4   39714
3   39715
2   39715
1   39715
5   39715
3   39715
1   39715
1   39715
5   39715
2   39716
2   39716
3   39716
5   39716
5   39717
5   39717
4   39717
5   39717
3   39717
2   39717
2   39717
3   39717
3   39718
4   39718
4   39718
1   39718
5   39718
2   39719
4   39719
5   39719
3   39719
5   39719
1   39719
3   39719
1   39719
1   39720
3   39720
2   39720
4   39720
3   39720
4   39720
4   39720
2   39720
2   39721
2   39721
3   39721
5   39721
4   39722
1   39722
1   39722
1   39722
1   39722
2   39722
1   39722
4   39722
1   39722
4   39723
2   39723
1   39723
4   39723
3   39723
3   39723
2   39723
3   39723
2   39723
3   39724
1   39724
4   39724
4   39724
4   39724
4   39724
4   39724
1   39724
3   39725
2   39725
2   39725
4   39725
1   39725
1   39725
3   39725
1   39725
4   39725
4   39726
4   39726
3   39726
3   39726
4   39726
1   39726
1   39726
1   39727
1   39727
3   39727
4   39727
5   39727
2   39727
1   39727
1   39728
1   39728
4   39728
2   39728
4   39728
4   39728
5   39728
1   39728
4   39729
5   39729
4   39729
4   39729
4   39729
4   39729
4   39730
2   39730
4   39730
4   39730
2   39730
4   39730
1   39730
1   39730
5   39731
4   39731
2   39731
5   39731
2   39731
3   39731
4   39731
4   39731
1   39731
2   39731
3   39731
3   39731
4   39731
1   39732
1   39732
1   39732
4   39732
2   39732
4   39732
5   39732
3   39732
2   39732
3   39733
4   39733
4   39733
4   39733
4   39733
2   39733
4   39733
1   39733
4   39733
1   39733
2   39733
4   39734
4   39734
3   39734
3   39734
4   39734
1   39734
4   39734
4   39734
2   39735
4   39735
2   39735
4   39736
4   39736
4   39736
2   39736
1   39736
1   39737
2   39737
2   39737
1   39737
4   39737
4   39737
5   39737
1   39738
2   39738
1   39738
5   39738
3   39738
2   39738
1   39738
2   39739
4   39739
2   39739
1   39739
2   39739
2   39739
4   39739
1   39739
1   39739
4   39740
1   39740
4   39740
4   39740
2   39740
4   39740
4   39741
4   39741
2   39741
4   39741
4   39741
4   39741
3   39741
2   39741
1   39741
3   39741
2   39742
5   39742
5   39742
4   39742
1   39742
1   39742
3   39742
2   39742
2   39742
1   39742
4   39742
4   39742
2   39742
1   39742
5   39742
5   39742
1   39742
3   39743
2   39743
2   39743
4   39743
1   39743
2   39743
4   39743
3   39743
4   39743
4   39743
2   39743
4   39744
5   39744
2   39744
1   39744
3   39744
2   39744
1   39745
2   39745
2   39745
1   39745
4   39745
3   39745
4   39745
2   39745
4   39746
1   39746
2   39746
3   39747
4   39747
2   39747
5   39747
4   39747
4   39747
5   39747
2   39747
4   39747
2   39747
5   39747
1   39747
5   39747
2   39748
1   39748
4   39748
3   39748
2   39749
4   39749
2   39749
2   39749
2   39749
5   39749
4   39749
1   39749
2   39749
4   39750
2   39750
3   39750
2   39750
2   39750
2   39750
2   39750
1   39751
1   39751
3   39751
4   39751
5   39751
2   39751
4   39751
4   39751
2   39751
5   39752
4   39752
2   39752
4   39752
2   39752
5   39752
1   39753
4   39753
2   39753
1   39753
4   39753
4   39753
1   39753
1   39753
1   39753
3   39753
4   39753
1   39753
4   39753
4   39753
2   39753
4   39754
5   39754
4   39754
1   39754
1   39754
2   39754
4   39755
3   39755
4   39755
4   39755
4   39755
3   39755
4   39755
3   39755
4   39755
1   39756
4   39756
4   39756
1   39756
2   39756
1   39756
4   39756
2   39756
4   39756
4   39756
2   39756
5   39756
1   39757
2   39757
2   39757
2   39757
1   39757
4   39757
1   39757
4   39757
1   39757
5   39757
2   39757
1   39757
1   39758
5   39758
4   39758
3   39758
2   39758
2   39758
4   39758
4   39758
5   39758
1   39758
4   39758
3   39758
2   39758
4   39758
5   39758
3   39758
2   39758
4   39758
3   39759
1   39759
4   39759
4   39759
3   39759
4   39759
5   39759
2   39759
4   39759
4   39759
2   39759
4   39760
3   39760
2   39760
2   39760
1   39760
1   39760
5   39760
2   39760
3   39760
4   39761
4   39761
3   39761
4   39761
2   39761
5   39761
2   39761
2   39761
4   39761
1   39761
5   39761
2   39762
3   39762
4   39762
2   39762
1   39762
2   39763
4   39763
4   39763
4   39763
3   39763
4   39763
4   39763
4   39763
2   39763
2   39764
4   39764
1   39764
2   39764
2   39764
1   39764
2   39765
1   39765
3   39765
2   39765
2   39765
2   39765
5   39766
2   39766
1   39766
3   39766
4   39766
4   39766
3   39766
4   39766
1   39766
4   39766
2   39766
4   39766
4   39766
4   39767
1   39767
3   39767
2   39767
4   39767
4   39767
5   39767
1   39767
4   39767
4   39768
1   39768
3   39769
4   39769
2   39769
5   39769
2   39769
3   39769
1   39770
3   39770
3   39770
4   39770
3   39770
4   39770
1   39771
4   39771
1   39771
4   39771
2   39771
1   39771
2   39771
1   39771
1   39771
4   39771
2   39771
2   39772
4   39772
3   39772
2   39772
1   39772
4   39772
1   39772
2   39772
3   39772
3   39772
4   39773
1   39773
5   39773
2   39773
3   39773
2   39773
1   39773
1   39773
1   39773
5   39774
5   39774
1   39774
2   39774
4   39774
1   39774
2   39774
2   39775
1   39775
1   39775
5   39775
3   39775
2   39775
5   39775
5   39776
4   39776
5   39776
5   39776
4   39776
4   39776
4   39776
1   39776
1   39777
4   39777
4   39777
1   39777
4   39777
3   39777
5   39777
5   39777
2   39778
4   39778
2   39778
4   39778
3   39778
2   39778
1   39778
1   39778
2   39778
2   39778
2   39779
1   39779
4   39779
5   39779
2   39779
2   39779
4   39779
2   39779
5   39779
4   39779
4   39779
5   39779
5   39780
2   39780
4   39780
2   39780
2   39780
2   39780
3   39780
4   39780
5   39780
4   39780
5   39780
4   39780
2   39781
1   39781
2   39781
4   39781
1   39781
2   39781
2   39781
3   39781
3   39781
2   39782
4   39782
1   39782
2   39782
3   39782
2   39783
3   39783
2   39783
3   39783
4   39783
2   39783
2   39784
4   39784
4   39784
3   39784
4   39784
2   39784
2   39784
4   39785
4   39785
2   39785
2   39785
1   39785
1   39785
1   39785
5   39785
5   39785
2   39785
5   39786
1   39786
2   39786
2   39786
4   39786
4   39786
1   39786
1   39786
1   39787
1   39787
1   39787
1   39787
3   39787
2   39787
3   39788
2   39788
4   39788
1   39788
4   39788
2   39788
1   39789
4   39789
5   39789
4   39789
4   39789
4   39789
2   39789
1   39790
2   39790
2   39790
5   39790
4   39790
4   39790
5   39790
2   39790
3   39790
2   39790
1   39791
1   39791
4   39791
2   39791
4   39791
4   39791
5   39791
4   39791
4   39792
2   39792
3   39792
4   39792
2   39792
4   39792
4   39793
4   39793
4   39793
5   39793
3   39793
2   39794
2   39794
4   39794
1   39794
4   39794
1   39794
4   39794
2   39794
2   39794
1   39795
1   39795
2   39795
5   39795
4   39795
1   39795
5   39795
2   39795
3   39795
4   39796
1   39796
1   39796
4   39796
2   39796
4   39796
4   39796
2   39796
2   39796
2   39796
2   39796
4   39796
4   39796
1   39796
2   39797
2   39797
1   39797
1   39797
5   39797
4   39797
4   39797
1   39797
4   39797
1   39797
2   39798
5   39798
5   39798
1   39798
1   39798
2   39798
1   39798
1   39798
5   39798
5   39799
1   39799
1   39799
4   39799
4   39799
5   39799
4   39799
1   39799
5   39799
4   39799
2   39799
4   39800
3   39800
5   39800
2   39800
4   39800
4   39800
2   39800
3   39800
5   39800
4   39801
2   39801
2   39801
3   39801
1   39801
2   39801
2   39801
3   39801
2   39801
4   39801
3   39801
4   39801
2   39802
1   39802
3   39802
4   39802
5   39802
5   39802
3   39802
2   39802
2   39802
1   39802
2   39802
2   39802
1   39802
2   39802
2   39803
4   39803
4   39803
3   39803
1   39803
2   39803
1   39803
4   39803
4   39803
2   39804
2   39804
1   39804
3   39804
3   39804
4   39804
1   39804
3   39804
2   39805
4   39805
4   39805
5   39805
4   39805
4   39805
1   39806
3   39806
4   39806
5   39806
4   39806
3   39806
4   39806
5   39806
4   39806
4   39807
1   39807
1   39807
3   39807
5   39807
4   39807
2   39807
1   39808
4   39808
4   39808
2   39808
4   39809
3   39809
2   39809
1   39809
3   39809
4   39810
4   39810
4   39810
4   39810
2   39810
4   39810
2   39811
4   39811
1   39811
1   39811
4   39811
2   39811
1   39811
4   39812
4   39812
2   39812
4   39812
2   39812
1   39812
4   39812
5   39812
2   39812
5   39812
1   39813
4   39813
2   39813
4   39813
5   39813
2   39813
1   39813
1   39813
3   39814
4   39814
3   39814
4   39814
3   39814
5   39814
4   39814
3   39814
4   39814
1   39814
2   39814
2   39815
5   39815
2   39815
2   39815
3   39815
4   39815
1   39815
5   39816
2   39816
4   39816
1   39816
3   39816
3   39816
3   39816
3   39816
3   39816
2   39816
2   39817
4   39817
2   39817
1   39817
4   39817
2   39817
1   39817
2   39817
4   39817
3   39817
2   39817
2   39817
1   39818
2   39818
2   39818
4   39818
4   39818
4   39818
2   39818
3   39818
4   39818
2   39818
4   39818
4   39818
4   39818
2   39819
5   39819
2   39819
4   39819
3   39819
4   39819
3   39819
4   39820
1   39820
5   39820
5   39820
3   39820
2   39820
2   39820
4   39820
2   39821
1   39821
5   39821
5   39821
2   39821
4   39821
2   39822
2   39822
2   39822
1   39822
4   39822
2   39822
4   39822
2   39822
5   39822
3   39822
5   39822
