1	39642	
1	39643	
1	39644	
1	39644	
1	39644	
1	39645	
1	39646	
1	39647	
1	39647	
1	39648	
1	39648	
1	39648	
1	39649	
1	39649	
1	39649	
1	39650	
1	39650	
1	39651	
1	39651	
1	39651	
1	39652	
1	39652	
1	39652	
1	39652	
1	39652	
1	39653	
1	39653	
1	39654	
1	39655	
1	39655	
1	39656	
1	39656	
1	39658	
1	39659	
1	39659	
1	39662	
1	39663	
1	39664	
1	39665	
1	39665	
1	39666	
1	39666	
1	39666	
1	39666	
1	39667	
1	39667	
1	39667	
1	39667	
1	39669	
1	39670	
1	39670	
1	39672	
1	39672	
1	39672	
1	39673	
1	39675	
1	39676	
1	39677	
1	39678	
1	39678	
1	39678	
1	39678	
1	39679	
1	39680	
1	39680	
1	39681	
1	39682	
1	39683	
1	39685	
1	39685	
1	39685	
1	39686	
2	39642	
2	39643	
2	39643	
2	39643	
2	39644	
2	39644	
2	39645	
2	39645	
2	39646	
2	39646	
2	39646	
2	39646	
2	39646	
2	39646	
2	39647	
2	39647	
2	39647	
2	39647	
2	39648	
2	39649	
2	39650	
2	39650	
2	39650	
2	39650	
2	39650	
2	39652	
2	39652	
2	39654	
2	39654	
2	39656	
2	39656	
2	39657	
2	39658	
2	39659	
2	39660	
2	39661	
2	39661	
2	39661	
2	39661	
2	39662	
2	39663	
2	39663	
2	39663	
2	39664	
2	39664	
2	39664	
2	39666	
2	39666	
2	39666	
2	39666	
2	39666	
2	39667	
2	39667	
2	39667	
2	39667	
2	39668	
2	39669	
2	39670	
2	39670	
2	39671	
2	39672	
2	39672	
2	39672	
2	39673	
2	39673	
2	39673	
2	39673	
2	39673	
2	39674	
2	39674	
2	39674	
2	39675	
2	39675	
2	39676	
2	39676	
2	39676	
2	39677	
2	39677	
2	39678	
2	39678	
2	39678	
2	39678	
3	39642	
3	39643	
3	39644	
3	39644	
3	39645	
3	39646	
3	39647	
3	39648	
3	39648	
3	39651	
3	39652	
3	39652	
3	39653	
3	39655	
3	39655	
3	39656	
3	39657	
3	39657	
3	39657	
3	39657	
3	39658	
3	39658	
3	39660	
3	39660	
3	39660	
3	39660	
3	39661	
3	39663	
3	39663	
3	39665	
3	39667	
3	39668	
3	39670	
3	39671	
3	39673	
3	39674	
3	39675	
3	39675	
3	39678	
4	39642	
4	39642	
4	39642	
4	39643	
4	39643	
4	39643	
4	39643	
4	39644	
4	39644	
4	39644	
4	39645	
4	39645	
4	39646	
4	39646	
4	39646	
4	39647	
4	39647	
4	39647	
4	39648	
4	39648	
4	39648	
4	39649	
4	39649	
4	39649	
4	39651	
4	39652	
4	39652	
4	39652	
4	39652	
4	39652	
4	39653	
4	39653	
4	39653	
4	39653	
4	39654	
4	39654	
4	39656	
4	39656	
4	39657	
4	39657	
4	39657	
4	39657	
4	39657	
4	39658	
4	39659	
4	39660	
4	39660	
4	39660	
4	39660	
4	39661	
4	39661	
4	39661	
4	39662	
4	39662	
4	39662	
4	39662	
4	39663	
4	39663	
4	39663	
4	39663	
4	39663	
4	39664	
4	39665	
4	39665	
4	39666	
4	39666	
4	39666	
4	39666	
4	39667	
4	39667	
4	39667	
4	39667	
4	39668	
4	39668	
4	39668	
4	39668	
4	39668	
4	39669	
4	39669	
4	39670	
4	39671	
4	39671	
4	39671	
4	39671	
4	39672	
4	39673	
4	39673	
4	39673	
4	39673	
4	39673	
4	39673	
4	39674	
4	39675	
4	39675	
4	39675	
4	39675	
4	39676	
4	39677	
4	39677	
4	39678	
4	39679	
5	39642	
5	39645	
5	39646	
5	39647	
5	39647	
5	39648	
5	39649	
5	39649	
5	39650	
5	39650	
5	39651	
5	39652	
5	39652	
5	39656	
5	39656	
5	39657	
5	39657	
5	39659	
5	39659	
5	39660	
5	39660	
5	39661	
5	39661	
5	39661	
5	39664	
5	39666	
5	39667	
5	39667	
5	39668	
5	39670	
5	39670	
5	39674	
5	39676	
5	39677	
5	39677	
5	39677	
5	39678	
5	39678	
5	39680	
5	39680	
5	39681	
5	39682	
5	39683	
5	39685	
5	39686	
5	39686	
5	39687	
5	39687	
5	39687	
5	39689	
5	39689	
5	39692	
5	39693	
5	39694	
5	39695	
4	39675
4	39676	
2	39679	
3	39679	
4	39679	
4	39679	
2	39679	
4	39679	
4	39679	
2	39679	
2	39679	
4	39679	
1	39679	
4	39679	
4	39680	
4	39680	
4	39680	
4	39680	
2	39680	
4	39681	
2	39682	
2	39682	
4	39682	
3	39683	
3	39683	
2	39683	
4	39683	
2	39683	
2	39683	
3	39684	
4	39684	
2	39684	
4	39684	
4	39684	
2	39684	
3	39684	
4	39685	
4	39685	
3	39685	
2	39685	
2	39685	
4	39686	
1	39686	
2	39686	
4	39686	
4	39687	
4	39687	
1	39687	
4	39687	
2	39687	
4	39688	
1	39688	
2	39688	
4	39688	
4	39688	
4	39688	
2	39688	
2	39688	
3	39688	
3	39689	
4	39689	
3	39689	
2	39689	
4	39689	
1	39689	
2	39689	
1	39689	
2	39689	
4	39690	
1	39690	
4	39690	
5	39695	
5	39696	
5	39696	
5	39696	
5	39697	
5	39699	
5	39700	
5	39700	
2	39690
4	39690
3	39690
4	39690
4	39690
2	39690
1	39691
3	39691
2	39691
4	39691
4	39691
4	39691
3	39691
1	39691
4	39692
4	39692
3	39692
2	39692
2	39692
2	39692
4	39692
1	39692
4	39692
4	39692
1	39693
1	39693
2	39693
1	39693
4	39693
4	39694
4	39694
2	39694
1	39694
4	39694
1	39694
4	39694
4	39694
2	39695
1	39695
3	39695
4	39695
4	39695
4	39695
3	39695
2	39695
2	39695
3	39695
3	39695
4	39695
4	39695
2	39696
2	39696
2	39696
4	39696
2	39696
3	39696
2	39696
1	39696
2	39696
2	39696
2	39697
4	39697
3	39697
2	39697
4	39698
2	39698
4	39698
1	39699
4	39699
4	39699
1	39699
2	39699
1	39699
4	39699
1	39699
3	39700
3	39700
4	39700
1	39700
1	39700
4	39701
1	39701
2	39701
1	39701
1	39701
2	39701
1	39701
3	39701
2	39701
4	39702
4	39702
3	39702
2	39702
2	39702
3	39702
2	39702
5	39702
2	39702
4	39702
1	39702
4	39702
4	39702


